tree
version=v4
num_class=1
num_tree_per_iteration=1
label_index=0
max_feature_idx=7
objective=binary sigmoid:1
feature_names=log_ret_1 log_ret_5 log_ret_20 dist_sma rsi_norm norm_atr vol_ratio consec_down
feature_infos=[-0.049028155450073448:0.016489949192707212] [-0.079088916173553556:0.087978590344213486] [-0.12443060280657628:0.22682429335525056] [1.4042887421638838e-06:0.17289035534750735] [0.035967809356640575:0.86785603958004542] [0.0025034613501275704:0.062882778876049442] [0:19.224598416712858] [0:1]
tree_sizes=1708 1729 1373

Tree=0
num_leaves=15
num_cat=0
split_feature=6 3 3 2 0 0 1 0 3 2 3 2 6 0
split_gain=30.26 25.7853 17.5512 14.2462 22.3776 16.0931 8.54469 13.5052 8.46541 7.97631 16.8158 13.8796 6.92423 6.26835
threshold=0.15382693555864899 0.017839776424246723 0.0008801163916745936 0.0024910609072447344 -0.005763634854519098 -0.0030807922012611893 -0.01214565699809402 -0.0087749935166492911 0.046874253237798438 0.043465055899253625 0.0336952495477887 0.0481823469154826 0.28219650003150443 -0.0096966731287096309
decision_type=2 2 2 2 2 2 2 2 2 2 2 2 2 2
left_child=1 3 12 4 -1 -5 7 -3 -8 10 -4 -11 -2 -14
right_child=2 6 9 5 -6 -7 8 -9 -10 11 -12 -13 13 -15
leaf_value=-0.72788283454450498 -0.72754459660779336 -0.75292627854062077 -0.70403306101419261 -0.70508578766367425 -0.69528389455880724 -0.7254949938896097 -0.7329783678365499 -0.70947905921152588 -0.77554466272217071 -0.76358761092754657 -0.67356922827126353 -0.70949488313366571 -0.72287477052464777 -0.66782486047248546
leaf_weight=24.013576090335846 2.4469740390777615 7.9455447793006888 325.29002672433853 64.905231297016144 94.492039084434509 76.093124449253082 41.071617662906647 31.294510722160339 4.6039363145828238 5.0601006150245693 17.394230902194977 23.918200254440308 2.2277389764785793 21.043545305728912
leaf_count=89 9 33 1072 215 297 279 156 106 21 22 48 81 8 56
internal_value=-0.707712 -0.714252 -0.702057 -0.709555 -0.701855 -0.716066 -0.72865 -0.718382 -0.737419 -0.703748 -0.702461 -0.719117 -0.677944 -0.672902
internal_weight=741.8 344.42 397.381 259.504 118.506 140.998 84.9156 39.2401 45.6756 371.663 342.684 28.9783 25.7183 23.2713
internal_count=2492 1196 1296 880 386 494 316 139 177 1223 1120 103 73 64
is_linear=0
shrinkage=1


Tree=1
num_leaves=15
num_cat=0
split_feature=2 0 2 3 2 0 2 1 1 1 2 1 2 1
split_gain=27.6387 31.708 13.6639 13.2954 12.7036 11.6408 20.2011 13.1918 13.8381 12.1954 9.79988 8.88958 9.74826 8.5613
threshold=0.0026699801246035421 -0.0061831885508518781 -0.020569599424539845 0.0060631942309318275 -0.055217671570375444 -0.0046522339803667526 0.032512322575129517 -0.0029476970652395074 -0.02647943967703854 -0.00056060070838363817 0.020104014819688504 0.0014489157613237649 -0.0073515866410384179 -0.0038460094416574615
decision_type=2 2 2 2 2 2 2 2 2 2 2 2 2 2
left_child=1 2 4 -4 -1 6 10 8 -7 -9 -2 13 -13 -3
right_child=5 11 3 -5 -6 7 -8 9 -10 -11 -12 12 -14 -15
leaf_value=0.05262653072025994 0.026444412887353306 0.03473166356711669 0.03464287070649906 0.002272064712061898 -0.031226705607581048 0.042922438679097237 0.0074343518704326136 0.038169855361263771 0.0097707949558890183 0.017057674577374494 0.045524395639153108 -0.041926685199009064 0.025359643397642299 0.049837449099246561
leaf_weight=1.832826942205428 76.128595367074013 168.41861948370934 23.508200764656067 22.555495277047157 9.7394396364688856 12.018366262316702 38.269197702407837 39.092966586351395 194.67171104252338 69.654382973909378 37.236851781606674 2.4376340508460999 7.9187333434820157 44.70503456890583
leaf_count=5 250 527 74 84 42 36 139 121 698 241 110 11 26 128
internal_value=0.0240369 0.0314906 0.011549 0.0188965 -0.0173518 0.0195386 0.0264067 0.0162201 0.0117328 0.0247028 0.0327726 0.0366127 0.00898569 0.0379362
internal_weight=748.188 281.116 57.636 46.0637 11.5723 467.072 151.635 315.437 206.69 108.747 113.365 223.48 10.3564 213.124
internal_count=2492 897 205 158 47 1595 499 1096 734 362 360 692 37 655
is_linear=0
shrinkage=0.03


Tree=2
num_leaves=12
num_cat=0
split_feature=5 6 3 5 3 6 1 4 3 6 6
split_gain=34.9646 25.042 20.8739 19.6639 13.0841 8.21543 7.89956 7.23418 3.67261 1.32955 1.37274
threshold=0.0040458282386998537 0.15382693555864899 0.017839776424246723 0.020689213370558276 0.00032548748127643961 0.15608908840451899 -0.01214565699809402 0.20678801200068836 0.00018833993271389458 0.55984342969089707 1.6071963771453703
decision_type=2 2 2 2 2 2 2 2 2 2 2
left_child=7 2 3 -2 8 -6 -4 -1 -3 -9 -11
right_child=1 4 6 -5 5 -7 -8 9 -10 10 -12
leaf_value=0 0.018683223445545846 0.042533831351088541 0.013148370343771766 0.059207406706661331 0.075793738121528495 0.026070902158722827 -0.0050827657695572499 0.080930562780265156 0.084501074484456137 0.033438805678317259 0.071818986740594698
leaf_weight=1.3581242412328745 248.34724263846874 4.8672173470258695 39.696126326918602 11.274918064475058 3.008405238389968 380.83820262551308 45.882416278123856 9.7884207367897016 4.2255902290344238 2.2949475049972525 2.5697645843029022
leaf_count=5 840 14 139 30 7 1236 177 22 9 7 6
internal_value=0.0231298 0.0221657 0.0162404 0.0204768 0.0273581 0.0264881 0.00334432 0.0669764 0.0630702 0.073076 0.0553555
internal_weight=754.151 738.14 345.201 259.622 392.939 383.847 85.5785 16.0113 9.09281 14.6531 4.86471
internal_count=2492 2452 1186 870 1266 1243 316 40 23 35 13
is_linear=0
shrinkage=0.03


end of trees

feature_importances:
log_ret_20=9
dist_sma=8
log_ret_5=7
log_ret_1=6
vol_ratio=6
norm_atr=2
rsi_norm=1

parameters:
[boosting: gbdt]
[objective: binary]
[metric: binary_logloss,auc]
[tree_learner: serial]
[device_type: cpu]
[data_sample_strategy: bagging]
[data: ]
[valid: ]
[num_iterations: 500]
[learning_rate: 0.03]
[num_leaves: 15]
[num_threads: -1]
[seed: 42]
[deterministic: 0]
[force_col_wise: 0]
[force_row_wise: 0]
[histogram_pool_size: -1]
[max_depth: 4]
[min_data_in_leaf: 5]
[min_sum_hessian_in_leaf: 0.001]
[bagging_fraction: 0.8]
[pos_bagging_fraction: 1]
[neg_bagging_fraction: 1]
[bagging_freq: 5]
[bagging_seed: 400]
[bagging_by_query: 0]
[feature_fraction: 0.8]
[feature_fraction_bynode: 1]
[feature_fraction_seed: 30056]
[extra_trees: 0]
[extra_seed: 12879]
[early_stopping_round: 0]
[early_stopping_min_delta: 0]
[first_metric_only: 0]
[max_delta_step: 0]
[lambda_l1: 0.1]
[lambda_l2: 0.1]
[linear_lambda: 0]
[min_gain_to_split: 0]
[drop_rate: 0.1]
[max_drop: 50]
[skip_drop: 0.5]
[xgboost_dart_mode: 0]
[uniform_drop: 0]
[drop_seed: 17869]
[top_rate: 0.2]
[other_rate: 0.1]
[min_data_per_group: 100]
[max_cat_threshold: 32]
[cat_l2: 10]
[cat_smooth: 10]
[max_cat_to_onehot: 4]
[top_k: 20]
[monotone_constraints: ]
[monotone_constraints_method: basic]
[monotone_penalty: 0]
[feature_contri: ]
[forcedsplits_filename: ]
[refit_decay_rate: 0.9]
[cegb_tradeoff: 1]
[cegb_penalty_split: 0]
[cegb_penalty_feature_lazy: ]
[cegb_penalty_feature_coupled: ]
[path_smooth: 0]
[interaction_constraints: ]
[verbosity: -1]
[saved_feature_importance_type: 0]
[use_quantized_grad: 0]
[num_grad_quant_bins: 4]
[quant_train_renew_leaf: 0]
[stochastic_rounding: 1]
[linear_tree: 0]
[max_bin: 255]
[max_bin_by_feature: ]
[min_data_in_bin: 3]
[bin_construct_sample_cnt: 200000]
[data_random_seed: 175]
[is_enable_sparse: 1]
[enable_bundle: 1]
[use_missing: 1]
[zero_as_missing: 0]
[feature_pre_filter: 1]
[pre_partition: 0]
[two_round: 0]
[header: 0]
[label_column: ]
[weight_column: ]
[group_column: ]
[ignore_column: ]
[categorical_feature: ]
[forcedbins_filename: ]
[precise_float_parser: 0]
[parser_config_file: ]
[objective_seed: 16083]
[num_class: 1]
[is_unbalance: 0]
[scale_pos_weight: 2.08071]
[sigmoid: 1]
[boost_from_average: 1]
[reg_sqrt: 0]
[alpha: 0.9]
[fair_c: 1]
[poisson_max_delta_step: 0.7]
[tweedie_variance_power: 1.5]
[lambdarank_truncation_level: 30]
[lambdarank_norm: 1]
[label_gain: ]
[lambdarank_position_bias_regularization: 0]
[eval_at: ]
[multi_error_top_k: 1]
[auc_mu_weights: ]
[num_machines: 1]
[local_listen_port: 12400]
[time_out: 120]
[machine_list_filename: ]
[machines: ]
[gpu_platform_id: -1]
[gpu_device_id: -1]
[gpu_device_id_list: ]
[gpu_use_dp: 0]
[num_gpu: 1]

end of parameters

pandas_categorical:[]
